# Blender v2.90.0 OBJ File: ''
# www.blender.org
mtllib стойка.mtl
o Cube
v 0.507844 -0.069963 -1.940000
v 0.336619 -0.386636 -1.940000
v 0.507844 -0.069963 1.940000
v 0.336619 -0.386636 1.940000
v -0.336619 0.386636 -1.940000
v -0.507844 0.069963 -1.940000
v -0.336619 0.386636 1.940000
v -0.507844 0.069963 1.940000
vt 0.625000 0.500000
vt 0.875000 0.500000
vt 0.875000 0.750000
vt 0.625000 0.750000
vt 0.375000 0.750000
vt 0.625000 1.000000
vt 0.375000 1.000000
vt 0.375000 0.000000
vt 0.625000 0.000000
vt 0.625000 0.250000
vt 0.375000 0.250000
vt 0.125000 0.500000
vt 0.375000 0.500000
vt 0.125000 0.750000
vn 0.4756 0.8796 0.0000
vn 0.0000 0.0000 1.0000
vn -0.8796 0.4756 0.0000
vn -0.4756 -0.8796 0.0000
vn 0.8796 -0.4756 0.0000
vn 0.0000 0.0000 -1.0000
usemtl Material
s off
f 1/1/1 5/2/1 7/3/1 3/4/1
f 4/5/2 3/4/2 7/6/2 8/7/2
f 8/8/3 7/9/3 5/10/3 6/11/3
f 6/12/4 2/13/4 4/5/4 8/14/4
f 2/13/5 1/1/5 3/4/5 4/5/5
f 6/11/6 5/10/6 1/1/6 2/13/6
o Cube.001
v 0.507844 0.619089 -1.940000
v 0.336619 0.302415 -1.940000
v 0.507844 0.619089 1.940000
v 0.336619 0.302415 1.940000
v -0.336619 1.075688 -1.940000
v -0.507844 0.759015 -1.940000
v -0.336619 1.075688 1.940000
v -0.507844 0.759015 1.940000
vt 0.625000 0.500000
vt 0.875000 0.500000
vt 0.875000 0.750000
vt 0.625000 0.750000
vt 0.375000 0.750000
vt 0.625000 1.000000
vt 0.375000 1.000000
vt 0.375000 0.000000
vt 0.625000 0.000000
vt 0.625000 0.250000
vt 0.375000 0.250000
vt 0.125000 0.500000
vt 0.375000 0.500000
vt 0.125000 0.750000
vn 0.4756 0.8796 0.0000
vn 0.0000 0.0000 1.0000
vn -0.8796 0.4756 0.0000
vn -0.4756 -0.8796 0.0000
vn 0.8796 -0.4756 0.0000
vn 0.0000 0.0000 -1.0000
usemtl Material.001
s off
f 9/15/7 13/16/7 15/17/7 11/18/7
f 12/19/8 11/18/8 15/20/8 16/21/8
f 16/22/9 15/23/9 13/24/9 14/25/9
f 14/26/10 10/27/10 12/19/10 16/28/10
f 10/27/11 9/15/11 11/18/11 12/19/11
f 14/25/12 13/24/12 9/15/12 10/27/12
o Cube.003
v 0.507844 1.395739 -1.940000
v 0.336619 1.079065 -1.940000
v 0.507844 1.395739 1.940000
v 0.336619 1.079065 1.940000
v -0.336619 1.852338 -1.940000
v -0.507844 1.535664 -1.940000
v -0.336619 1.852338 1.940000
v -0.507844 1.535664 1.940000
vt 0.625000 0.500000
vt 0.875000 0.500000
vt 0.875000 0.750000
vt 0.625000 0.750000
vt 0.375000 0.750000
vt 0.625000 1.000000
vt 0.375000 1.000000
vt 0.375000 0.000000
vt 0.625000 0.000000
vt 0.625000 0.250000
vt 0.375000 0.250000
vt 0.125000 0.500000
vt 0.375000 0.500000
vt 0.125000 0.750000
vn 0.4756 0.8796 0.0000
vn 0.0000 0.0000 1.0000
vn -0.8796 0.4756 0.0000
vn -0.4756 -0.8796 0.0000
vn 0.8796 -0.4756 0.0000
vn 0.0000 0.0000 -1.0000
usemtl Material.003
s off
f 17/29/13 21/30/13 23/31/13 19/32/13
f 20/33/14 19/32/14 23/34/14 24/35/14
f 24/36/15 23/37/15 21/38/15 22/39/15
f 22/40/16 18/41/16 20/33/16 24/42/16
f 18/41/17 17/29/17 19/32/17 20/33/17
f 22/39/18 21/38/18 17/29/18 18/41/18
o Cube.002
v 0.507844 2.084790 -1.940000
v 0.336619 1.768117 -1.940000
v 0.507844 2.084790 1.940000
v 0.336619 1.768117 1.940000
v -0.336619 2.541389 -1.940000
v -0.507844 2.224716 -1.940000
v -0.336619 2.541389 1.940000
v -0.507844 2.224716 1.940000
vt 0.625000 0.500000
vt 0.875000 0.500000
vt 0.875000 0.750000
vt 0.625000 0.750000
vt 0.375000 0.750000
vt 0.625000 1.000000
vt 0.375000 1.000000
vt 0.375000 0.000000
vt 0.625000 0.000000
vt 0.625000 0.250000
vt 0.375000 0.250000
vt 0.125000 0.500000
vt 0.375000 0.500000
vt 0.125000 0.750000
vn 0.4756 0.8796 0.0000
vn 0.0000 0.0000 1.0000
vn -0.8796 0.4756 0.0000
vn -0.4756 -0.8796 0.0000
vn 0.8796 -0.4756 0.0000
vn 0.0000 0.0000 -1.0000
usemtl Material.002
s off
f 25/43/19 29/44/19 31/45/19 27/46/19
f 28/47/20 27/46/20 31/48/20 32/49/20
f 32/50/21 31/51/21 29/52/21 30/53/21
f 30/54/22 26/55/22 28/47/22 32/56/22
f 26/55/23 25/43/23 27/46/23 28/47/23
f 30/53/24 29/52/24 25/43/24 26/55/24
o Cube.007
v 0.507844 2.760709 -1.940000
v 0.336619 2.444036 -1.940000
v 0.507844 2.760709 1.940000
v 0.336619 2.444036 1.940000
v -0.336619 3.217308 -1.940000
v -0.507844 2.900635 -1.940000
v -0.336619 3.217308 1.940000
v -0.507844 2.900635 1.940000
vt 0.625000 0.500000
vt 0.875000 0.500000
vt 0.875000 0.750000
vt 0.625000 0.750000
vt 0.375000 0.750000
vt 0.625000 1.000000
vt 0.375000 1.000000
vt 0.375000 0.000000
vt 0.625000 0.000000
vt 0.625000 0.250000
vt 0.375000 0.250000
vt 0.125000 0.500000
vt 0.375000 0.500000
vt 0.125000 0.750000
vn 0.4756 0.8796 0.0000
vn 0.0000 0.0000 1.0000
vn -0.8796 0.4756 0.0000
vn -0.4756 -0.8796 0.0000
vn 0.8796 -0.4756 0.0000
vn 0.0000 0.0000 -1.0000
usemtl Material.007
s off
f 33/57/25 37/58/25 39/59/25 35/60/25
f 36/61/26 35/60/26 39/62/26 40/63/26
f 40/64/27 39/65/27 37/66/27 38/67/27
f 38/68/28 34/69/28 36/61/28 40/70/28
f 34/69/29 33/57/29 35/60/29 36/61/29
f 38/67/30 37/66/30 33/57/30 34/69/30
o Cube.006
v 0.507844 3.449761 -1.940000
v 0.336619 3.133087 -1.940000
v 0.507844 3.449761 1.940000
v 0.336619 3.133087 1.940000
v -0.336619 3.906360 -1.940000
v -0.507844 3.589687 -1.940000
v -0.336619 3.906360 1.940000
v -0.507844 3.589687 1.940000
vt 0.625000 0.500000
vt 0.875000 0.500000
vt 0.875000 0.750000
vt 0.625000 0.750000
vt 0.375000 0.750000
vt 0.625000 1.000000
vt 0.375000 1.000000
vt 0.375000 0.000000
vt 0.625000 0.000000
vt 0.625000 0.250000
vt 0.375000 0.250000
vt 0.125000 0.500000
vt 0.375000 0.500000
vt 0.125000 0.750000
vn 0.4756 0.8796 0.0000
vn 0.0000 0.0000 1.0000
vn -0.8796 0.4756 0.0000
vn -0.4756 -0.8796 0.0000
vn 0.8796 -0.4756 0.0000
vn -0.0000 0.0000 -1.0000
usemtl Material.006
s off
f 41/71/31 45/72/31 47/73/31 43/74/31
f 44/75/32 43/74/32 47/76/32 48/77/32
f 48/78/33 47/79/33 45/80/33 46/81/33
f 46/82/34 42/83/34 44/75/34 48/84/34
f 42/83/35 41/71/35 43/74/35 44/75/35
f 46/81/36 45/80/36 41/71/36 42/83/36
o Cube.005
v 0.507844 4.915462 -1.940000
v 0.336619 4.598789 -1.940000
v 0.507844 4.915462 1.940000
v 0.336619 4.598789 1.940000
v -0.336619 5.372061 -1.940000
v -0.507844 5.055388 -1.940000
v -0.336619 5.372061 1.940000
v -0.507844 5.055388 1.940000
vt 0.625000 0.500000
vt 0.875000 0.500000
vt 0.875000 0.750000
vt 0.625000 0.750000
vt 0.375000 0.750000
vt 0.625000 1.000000
vt 0.375000 1.000000
vt 0.375000 0.000000
vt 0.625000 0.000000
vt 0.625000 0.250000
vt 0.375000 0.250000
vt 0.125000 0.500000
vt 0.375000 0.500000
vt 0.125000 0.750000
vn 0.4756 0.8796 0.0000
vn 0.0000 0.0000 1.0000
vn -0.8796 0.4756 0.0000
vn -0.4756 -0.8796 0.0000
vn 0.8796 -0.4756 0.0000
vn 0.0000 0.0000 -1.0000
usemtl Material.005
s off
f 49/85/37 53/86/37 55/87/37 51/88/37
f 52/89/38 51/88/38 55/90/38 56/91/38
f 56/92/39 55/93/39 53/94/39 54/95/39
f 54/96/40 50/97/40 52/89/40 56/98/40
f 50/97/41 49/85/41 51/88/41 52/89/41
f 54/95/42 53/94/42 49/85/42 50/97/42
o Cube.004
v 0.507844 4.226410 -1.940000
v 0.336619 3.909737 -1.940000
v 0.507844 4.226410 1.940000
v 0.336619 3.909737 1.940000
v -0.336619 4.683010 -1.940000
v -0.507844 4.366336 -1.940000
v -0.336619 4.683010 1.940000
v -0.507844 4.366336 1.940000
vt 0.625000 0.500000
vt 0.875000 0.500000
vt 0.875000 0.750000
vt 0.625000 0.750000
vt 0.375000 0.750000
vt 0.625000 1.000000
vt 0.375000 1.000000
vt 0.375000 0.000000
vt 0.625000 0.000000
vt 0.625000 0.250000
vt 0.375000 0.250000
vt 0.125000 0.500000
vt 0.375000 0.500000
vt 0.125000 0.750000
vn 0.4756 0.8796 0.0000
vn 0.0000 0.0000 1.0000
vn -0.8796 0.4756 0.0000
vn -0.4756 -0.8796 0.0000
vn 0.8796 -0.4756 0.0000
vn 0.0000 0.0000 -1.0000
usemtl Material.004
s off
f 57/99/43 61/100/43 63/101/43 59/102/43
f 60/103/44 59/102/44 63/104/44 64/105/44
f 64/106/45 63/107/45 61/108/45 62/109/45
f 62/110/46 58/111/46 60/103/46 64/112/46
f 58/111/47 57/99/47 59/102/47 60/103/47
f 62/109/48 61/108/48 57/99/48 58/111/48
o Cube.008
v -0.540000 -0.981223 2.541834
v -0.540000 -0.381223 2.541834
v -0.540000 -0.981223 1.941834
v -0.540000 -0.381223 1.941834
v 0.540000 -0.981223 2.541834
v 0.540000 -0.381223 2.541834
v 0.540000 -0.981223 1.941834
v 0.540000 -0.381223 1.941834
v -0.540000 5.386815 2.541834
v -0.540000 5.386815 1.941834
v 0.540000 5.386815 2.541834
v 0.540000 5.386815 1.941834
v -0.540000 5.956671 2.541834
v -0.540000 5.956671 1.941834
v 0.540000 5.956671 2.541834
v 0.540000 5.956671 1.941834
v -0.540000 5.386815 -1.946480
v 0.540000 5.386815 -1.946480
v -0.540000 5.956671 -1.946480
v 0.540000 5.956671 -1.946480
v -0.540000 5.386815 -2.521487
v 0.540000 5.386815 -2.521487
v -0.540000 5.956671 -2.521487
v 0.540000 5.956671 -2.521487
v -0.540000 -0.379531 -1.946480
v 0.540000 -0.379531 -1.946480
v -0.540000 -0.379531 -2.521487
v 0.540000 -0.379531 -2.521487
v -0.540000 -0.921301 -1.946480
v 0.540000 -0.921301 -1.946480
v -0.540000 -0.921301 -2.521487
v 0.540000 -0.921301 -2.521487
v -0.540000 -0.981223 -2.521191
v -0.540000 -0.381223 -2.521191
v 0.540000 -0.981223 -2.521191
v 0.540000 -0.381223 -2.521191
vt 0.375000 0.000000
vt 0.625000 0.000000
vt 0.625000 0.250000
vt 0.375000 0.250000
vt 0.625000 0.500000
vt 0.375000 0.500000
vt 0.375000 0.500000
vt 0.625000 0.500000
vt 0.625000 0.750000
vt 0.375000 0.750000
vt 0.625000 1.000000
vt 0.375000 1.000000
vt 0.125000 0.500000
vt 0.125000 0.750000
vt 0.625000 0.500000
vt 0.625000 0.750000
vt 0.625000 0.250000
vt 0.625000 0.000000
vt 0.625000 0.000000
vt 0.625000 0.250000
vt 0.625000 1.000000
vt 0.625000 0.500000
vt 0.875000 0.500000
vt 0.875000 0.750000
vt 0.625000 0.750000
vt 0.625000 1.000000
vt 0.625000 0.500000
vt 0.875000 0.500000
vt 0.625000 0.250000
vt 0.625000 0.250000
vt 0.625000 0.250000
vt 0.625000 0.250000
vt 0.625000 0.500000
vt 0.625000 0.500000
vt 0.625000 0.500000
vt 0.625000 0.250000
vt 0.625000 0.250000
vt 0.875000 0.500000
vt 0.625000 0.500000
vt 0.625000 0.500000
vt 0.625000 0.250000
vt 0.625000 0.500000
vt 0.625000 0.500000
vt 0.625000 0.250000
vt 0.375000 0.250000
vt 0.625000 0.250000
vt 0.125000 0.500000
vn -1.0000 0.0000 0.0000
vn 1.0000 0.0000 0.0000
vn 0.0000 0.0000 1.0000
vn 0.0000 -1.0000 0.0000
vn 0.0000 0.0000 -1.0000
vn 0.0000 1.0000 0.0000
usemtl None
s off
f 65/113/49 66/114/49 68/115/49 67/116/49
f 72/117/50 71/118/50 99/119/50 100/120/50
f 71/118/50 72/117/50 70/121/50 69/122/50
f 69/122/51 70/121/51 66/123/51 65/124/51
f 67/125/52 71/118/52 69/122/52 65/126/52
f 70/121/50 72/117/50 76/127/50 75/128/50
f 74/129/49 73/130/49 77/131/49 78/132/49
f 68/115/49 66/114/49 73/130/49 74/129/49
f 66/123/51 70/121/51 75/128/51 73/133/51
f 72/117/53 68/115/53 74/129/53 76/127/53
f 80/134/54 78/135/54 77/136/54 79/137/54
f 73/133/51 75/128/51 79/137/51 77/138/51
f 78/135/54 80/134/54 84/139/54 83/140/54
f 75/128/50 76/127/50 80/134/50 79/137/50
f 81/141/49 83/142/49 87/143/49 85/144/49
f 76/127/52 74/129/52 81/141/52 82/145/52
f 80/134/50 76/127/50 82/145/50 84/139/50
f 74/129/49 78/132/49 83/142/49 81/141/49
f 86/146/53 85/144/53 87/143/53 88/147/53
f 81/141/49 85/144/49 91/148/49 89/149/49
f 84/139/50 82/145/50 86/146/50 88/147/50
f 83/140/54 84/139/54 88/147/54 87/150/54
f 91/148/53 92/151/53 96/152/53 95/153/53
f 82/145/51 81/141/51 89/149/51 90/154/51
f 86/146/50 82/145/50 90/154/50 92/151/50
f 85/144/53 86/146/53 92/151/53 91/148/53
f 94/155/52 93/156/52 95/153/52 96/152/52
f 89/149/49 91/148/49 95/153/49 93/156/49
f 90/154/51 89/149/51 93/156/51 94/155/51
f 92/151/50 90/154/50 94/155/50 96/152/50
f 97/157/53 98/158/53 100/120/53 99/119/53
f 71/118/52 67/125/52 97/159/52 99/119/52
f 68/115/54 72/117/54 100/120/54 98/158/54
f 67/116/49 68/115/49 98/158/49 97/157/49
o Cube.017
v 0.507844 -0.069963 -7.105009
v 0.336619 -0.386636 -7.105009
v 0.507844 -0.069963 -3.225009
v 0.336619 -0.386636 -3.225009
v -0.336619 0.386636 -7.105009
v -0.507844 0.069963 -7.105009
v -0.336619 0.386636 -3.225009
v -0.507844 0.069963 -3.225009
vt 0.625000 0.500000
vt 0.875000 0.500000
vt 0.875000 0.750000
vt 0.625000 0.750000
vt 0.375000 0.750000
vt 0.625000 1.000000
vt 0.375000 1.000000
vt 0.375000 0.000000
vt 0.625000 0.000000
vt 0.625000 0.250000
vt 0.375000 0.250000
vt 0.125000 0.500000
vt 0.375000 0.500000
vt 0.125000 0.750000
vn 0.4756 0.8796 0.0000
vn 0.0000 0.0000 1.0000
vn -0.8796 0.4756 0.0000
vn -0.4756 -0.8796 0.0000
vn 0.8796 -0.4756 0.0000
vn 0.0000 0.0000 -1.0000
usemtl Material.015
s off
f 101/160/55 105/161/55 107/162/55 103/163/55
f 104/164/56 103/163/56 107/165/56 108/166/56
f 108/167/57 107/168/57 105/169/57 106/170/57
f 106/171/58 102/172/58 104/164/58 108/173/58
f 102/172/59 101/160/59 103/163/59 104/164/59
f 106/170/60 105/169/60 101/160/60 102/172/60
o Cube.016
v 0.507844 0.619089 -7.105009
v 0.336619 0.302415 -7.105009
v 0.507844 0.619089 -3.225009
v 0.336619 0.302415 -3.225009
v -0.336619 1.075688 -7.105009
v -0.507844 0.759015 -7.105009
v -0.336619 1.075688 -3.225009
v -0.507844 0.759015 -3.225009
vt 0.625000 0.500000
vt 0.875000 0.500000
vt 0.875000 0.750000
vt 0.625000 0.750000
vt 0.375000 0.750000
vt 0.625000 1.000000
vt 0.375000 1.000000
vt 0.375000 0.000000
vt 0.625000 0.000000
vt 0.625000 0.250000
vt 0.375000 0.250000
vt 0.125000 0.500000
vt 0.375000 0.500000
vt 0.125000 0.750000
vn 0.4756 0.8796 0.0000
vn 0.0000 0.0000 1.0000
vn -0.8796 0.4756 0.0000
vn -0.4756 -0.8796 0.0000
vn 0.8796 -0.4756 0.0000
vn 0.0000 0.0000 -1.0000
usemtl Material.014
s off
f 109/174/61 113/175/61 115/176/61 111/177/61
f 112/178/62 111/177/62 115/179/62 116/180/62
f 116/181/63 115/182/63 113/183/63 114/184/63
f 114/185/64 110/186/64 112/178/64 116/187/64
f 110/186/65 109/174/65 111/177/65 112/178/65
f 114/184/66 113/183/66 109/174/66 110/186/66
o Cube.015
v 0.507844 2.084790 -7.105009
v 0.336619 1.768117 -7.105009
v 0.507844 2.084790 -3.225009
v 0.336619 1.768117 -3.225009
v -0.336619 2.541389 -7.105009
v -0.507844 2.224716 -7.105009
v -0.336619 2.541389 -3.225009
v -0.507844 2.224716 -3.225009
vt 0.625000 0.500000
vt 0.875000 0.500000
vt 0.875000 0.750000
vt 0.625000 0.750000
vt 0.375000 0.750000
vt 0.625000 1.000000
vt 0.375000 1.000000
vt 0.375000 0.000000
vt 0.625000 0.000000
vt 0.625000 0.250000
vt 0.375000 0.250000
vt 0.125000 0.500000
vt 0.375000 0.500000
vt 0.125000 0.750000
vn 0.4756 0.8796 0.0000
vn 0.0000 0.0000 1.0000
vn -0.8796 0.4756 0.0000
vn -0.4756 -0.8796 0.0000
vn 0.8796 -0.4756 0.0000
vn 0.0000 0.0000 -1.0000
usemtl Material.013
s off
f 117/188/67 121/189/67 123/190/67 119/191/67
f 120/192/68 119/191/68 123/193/68 124/194/68
f 124/195/69 123/196/69 121/197/69 122/198/69
f 122/199/70 118/200/70 120/192/70 124/201/70
f 118/200/71 117/188/71 119/191/71 120/192/71
f 122/198/72 121/197/72 117/188/72 118/200/72
o Cube.014
v 0.507844 1.395739 -7.105009
v 0.336619 1.079065 -7.105009
v 0.507844 1.395739 -3.225009
v 0.336619 1.079065 -3.225009
v -0.336619 1.852338 -7.105009
v -0.507844 1.535664 -7.105009
v -0.336619 1.852338 -3.225009
v -0.507844 1.535664 -3.225009
vt 0.625000 0.500000
vt 0.875000 0.500000
vt 0.875000 0.750000
vt 0.625000 0.750000
vt 0.375000 0.750000
vt 0.625000 1.000000
vt 0.375000 1.000000
vt 0.375000 0.000000
vt 0.625000 0.000000
vt 0.625000 0.250000
vt 0.375000 0.250000
vt 0.125000 0.500000
vt 0.375000 0.500000
vt 0.125000 0.750000
vn 0.4756 0.8796 0.0000
vn 0.0000 0.0000 1.0000
vn -0.8796 0.4756 0.0000
vn -0.4756 -0.8796 0.0000
vn 0.8796 -0.4756 0.0000
vn 0.0000 0.0000 -1.0000
usemtl Material.012
s off
f 125/202/73 129/203/73 131/204/73 127/205/73
f 128/206/74 127/205/74 131/207/74 132/208/74
f 132/209/75 131/210/75 129/211/75 130/212/75
f 130/213/76 126/214/76 128/206/76 132/215/76
f 126/214/77 125/202/77 127/205/77 128/206/77
f 130/212/78 129/211/78 125/202/78 126/214/78
o Cube.013
v 0.507844 4.226410 -7.105009
v 0.336619 3.909737 -7.105009
v 0.507844 4.226410 -3.225009
v 0.336619 3.909737 -3.225009
v -0.336619 4.683010 -7.105009
v -0.507844 4.366336 -7.105009
v -0.336619 4.683010 -3.225009
v -0.507844 4.366336 -3.225009
vt 0.625000 0.500000
vt 0.875000 0.500000
vt 0.875000 0.750000
vt 0.625000 0.750000
vt 0.375000 0.750000
vt 0.625000 1.000000
vt 0.375000 1.000000
vt 0.375000 0.000000
vt 0.625000 0.000000
vt 0.625000 0.250000
vt 0.375000 0.250000
vt 0.125000 0.500000
vt 0.375000 0.500000
vt 0.125000 0.750000
vn 0.4756 0.8796 0.0000
vn 0.0000 0.0000 1.0000
vn -0.8796 0.4756 0.0000
vn -0.4756 -0.8796 0.0000
vn 0.8796 -0.4756 0.0000
vn -0.0000 0.0000 -1.0000
usemtl Material.011
s off
f 133/216/79 137/217/79 139/218/79 135/219/79
f 136/220/80 135/219/80 139/221/80 140/222/80
f 140/223/81 139/224/81 137/225/81 138/226/81
f 138/227/82 134/228/82 136/220/82 140/229/82
f 134/228/83 133/216/83 135/219/83 136/220/83
f 138/226/84 137/225/84 133/216/84 134/228/84
o Cube.012
v 0.507844 4.915462 -7.105009
v 0.336619 4.598789 -7.105009
v 0.507844 4.915462 -3.225009
v 0.336619 4.598789 -3.225009
v -0.336619 5.372061 -7.105009
v -0.507844 5.055388 -7.105009
v -0.336619 5.372061 -3.225009
v -0.507844 5.055388 -3.225009
vt 0.625000 0.500000
vt 0.875000 0.500000
vt 0.875000 0.750000
vt 0.625000 0.750000
vt 0.375000 0.750000
vt 0.625000 1.000000
vt 0.375000 1.000000
vt 0.375000 0.000000
vt 0.625000 0.000000
vt 0.625000 0.250000
vt 0.375000 0.250000
vt 0.125000 0.500000
vt 0.375000 0.500000
vt 0.125000 0.750000
vn 0.4756 0.8796 0.0000
vn 0.0000 0.0000 1.0000
vn -0.8796 0.4756 0.0000
vn -0.4756 -0.8796 0.0000
vn 0.8796 -0.4756 0.0000
vn -0.0000 0.0000 -1.0000
usemtl Material.010
s off
f 141/230/85 145/231/85 147/232/85 143/233/85
f 144/234/86 143/233/86 147/235/86 148/236/86
f 148/237/87 147/238/87 145/239/87 146/240/87
f 146/241/88 142/242/88 144/234/88 148/243/88
f 142/242/89 141/230/89 143/233/89 144/234/89
f 146/240/90 145/239/90 141/230/90 142/242/90
o Cube.011
v 0.507844 3.449761 -7.105009
v 0.336619 3.133087 -7.105009
v 0.507844 3.449761 -3.225009
v 0.336619 3.133087 -3.225009
v -0.336619 3.906360 -7.105009
v -0.507844 3.589687 -7.105009
v -0.336619 3.906360 -3.225009
v -0.507844 3.589687 -3.225009
vt 0.625000 0.500000
vt 0.875000 0.500000
vt 0.875000 0.750000
vt 0.625000 0.750000
vt 0.375000 0.750000
vt 0.625000 1.000000
vt 0.375000 1.000000
vt 0.375000 0.000000
vt 0.625000 0.000000
vt 0.625000 0.250000
vt 0.375000 0.250000
vt 0.125000 0.500000
vt 0.375000 0.500000
vt 0.125000 0.750000
vn 0.4756 0.8796 0.0000
vn 0.0000 0.0000 1.0000
vn -0.8796 0.4756 0.0000
vn -0.4756 -0.8796 0.0000
vn 0.8796 -0.4756 0.0000
vn 0.0000 0.0000 -1.0000
usemtl Material.009
s off
f 149/244/91 153/245/91 155/246/91 151/247/91
f 152/248/92 151/247/92 155/249/92 156/250/92
f 156/251/93 155/252/93 153/253/93 154/254/93
f 154/255/94 150/256/94 152/248/94 156/257/94
f 150/256/95 149/244/95 151/247/95 152/248/95
f 154/254/96 153/253/96 149/244/96 150/256/96
o Cube.010
v 0.507844 2.760709 -7.105009
v 0.336619 2.444036 -7.105009
v 0.507844 2.760709 -3.225009
v 0.336619 2.444036 -3.225009
v -0.336619 3.217308 -7.105009
v -0.507844 2.900635 -7.105009
v -0.336619 3.217308 -3.225009
v -0.507844 2.900635 -3.225009
vt 0.625000 0.500000
vt 0.875000 0.500000
vt 0.875000 0.750000
vt 0.625000 0.750000
vt 0.375000 0.750000
vt 0.625000 1.000000
vt 0.375000 1.000000
vt 0.375000 0.000000
vt 0.625000 0.000000
vt 0.625000 0.250000
vt 0.375000 0.250000
vt 0.125000 0.500000
vt 0.375000 0.500000
vt 0.125000 0.750000
vn 0.4756 0.8796 0.0000
vn 0.0000 0.0000 1.0000
vn -0.8796 0.4756 0.0000
vn -0.4756 -0.8796 0.0000
vn 0.8796 -0.4756 0.0000
vn -0.0000 0.0000 -1.0000
usemtl Material.008
s off
f 157/258/97 161/259/97 163/260/97 159/261/97
f 160/262/98 159/261/98 163/263/98 164/264/98
f 164/265/99 163/266/99 161/267/99 162/268/99
f 162/269/100 158/270/100 160/262/100 164/271/100
f 158/270/101 157/258/101 159/261/101 160/262/101
f 162/268/102 161/267/102 157/258/102 158/270/102
o Cube.009
v -0.540000 -0.981223 -2.623175
v -0.540000 -0.381223 -2.623175
v -0.540000 -0.981223 -3.223175
v -0.540000 -0.381223 -3.223175
v 0.540000 -0.981223 -2.623175
v 0.540000 -0.381223 -2.623175
v 0.540000 -0.981223 -3.223175
v 0.540000 -0.381223 -3.223175
v -0.540000 5.386815 -2.623175
v -0.540000 5.386815 -3.223175
v 0.540000 5.386815 -2.623175
v 0.540000 5.386815 -3.223175
v -0.540000 5.956671 -2.623175
v -0.540000 5.956671 -3.223175
v 0.540000 5.956671 -2.623175
v 0.540000 5.956671 -3.223175
v -0.540000 5.386815 -7.111489
v 0.540000 5.386815 -7.111489
v -0.540000 5.956671 -7.111489
v 0.540000 5.956671 -7.111489
v -0.540000 5.386815 -7.686496
v 0.540000 5.386815 -7.686496
v -0.540000 5.956671 -7.686496
v 0.540000 5.956671 -7.686496
v -0.540000 -0.379531 -7.111489
v 0.540000 -0.379531 -7.111489
v -0.540000 -0.379531 -7.686496
v 0.540000 -0.379531 -7.686496
v -0.540000 -0.921301 -7.111489
v 0.540000 -0.921301 -7.111489
v -0.540000 -0.921301 -7.686496
v 0.540000 -0.921301 -7.686496
v -0.540000 -0.981223 -7.686200
v -0.540000 -0.381223 -7.686200
v 0.540000 -0.981223 -7.686200
v 0.540000 -0.381223 -7.686200
vt 0.375000 0.000000
vt 0.625000 0.000000
vt 0.625000 0.250000
vt 0.375000 0.250000
vt 0.625000 0.500000
vt 0.375000 0.500000
vt 0.375000 0.500000
vt 0.625000 0.500000
vt 0.625000 0.750000
vt 0.375000 0.750000
vt 0.625000 1.000000
vt 0.375000 1.000000
vt 0.125000 0.500000
vt 0.125000 0.750000
vt 0.625000 0.500000
vt 0.625000 0.750000
vt 0.625000 0.250000
vt 0.625000 0.000000
vt 0.625000 0.000000
vt 0.625000 0.250000
vt 0.625000 1.000000
vt 0.625000 0.500000
vt 0.875000 0.500000
vt 0.875000 0.750000
vt 0.625000 0.750000
vt 0.625000 1.000000
vt 0.625000 0.500000
vt 0.875000 0.500000
vt 0.625000 0.250000
vt 0.625000 0.250000
vt 0.625000 0.250000
vt 0.625000 0.250000
vt 0.625000 0.500000
vt 0.625000 0.500000
vt 0.625000 0.500000
vt 0.625000 0.250000
vt 0.625000 0.250000
vt 0.875000 0.500000
vt 0.625000 0.500000
vt 0.625000 0.500000
vt 0.625000 0.250000
vt 0.625000 0.500000
vt 0.625000 0.500000
vt 0.625000 0.250000
vt 0.375000 0.250000
vt 0.625000 0.250000
vt 0.125000 0.500000
vn -1.0000 0.0000 0.0000
vn 1.0000 0.0000 0.0000
vn 0.0000 0.0000 1.0000
vn 0.0000 -1.0000 0.0000
vn 0.0000 0.0000 -1.0000
vn 0.0000 1.0000 0.0000
usemtl None
s off
f 165/272/103 166/273/103 168/274/103 167/275/103
f 172/276/104 171/277/104 199/278/104 200/279/104
f 171/277/104 172/276/104 170/280/104 169/281/104
f 169/281/105 170/280/105 166/282/105 165/283/105
f 167/284/106 171/277/106 169/281/106 165/285/106
f 170/280/104 172/276/104 176/286/104 175/287/104
f 174/288/103 173/289/103 177/290/103 178/291/103
f 168/274/103 166/273/103 173/289/103 174/288/103
f 166/282/105 170/280/105 175/287/105 173/292/105
f 172/276/107 168/274/107 174/288/107 176/286/107
f 180/293/108 178/294/108 177/295/108 179/296/108
f 173/292/105 175/287/105 179/296/105 177/297/105
f 178/294/108 180/293/108 184/298/108 183/299/108
f 175/287/104 176/286/104 180/293/104 179/296/104
f 181/300/103 183/301/103 187/302/103 185/303/103
f 176/286/106 174/288/106 181/300/106 182/304/106
f 180/293/104 176/286/104 182/304/104 184/298/104
f 174/288/103 178/291/103 183/301/103 181/300/103
f 186/305/107 185/303/107 187/302/107 188/306/107
f 181/300/103 185/303/103 191/307/103 189/308/103
f 184/298/104 182/304/104 186/305/104 188/306/104
f 183/299/108 184/298/108 188/306/108 187/309/108
f 191/307/107 192/310/107 196/311/107 195/312/107
f 182/304/105 181/300/105 189/308/105 190/313/105
f 186/305/104 182/304/104 190/313/104 192/310/104
f 185/303/107 186/305/107 192/310/107 191/307/107
f 194/314/106 193/315/106 195/312/106 196/311/106
f 189/308/103 191/307/103 195/312/103 193/315/103
f 190/313/105 189/308/105 193/315/105 194/314/105
f 192/310/104 190/313/104 194/314/104 196/311/104
f 197/316/107 198/317/107 200/279/107 199/278/107
f 171/277/106 167/284/106 197/318/106 199/278/106
f 168/274/108 172/276/108 200/279/108 198/317/108
f 167/275/103 168/274/103 198/317/103 197/316/103
o Cube.026
v -0.540000 -0.981223 -7.792603
v -0.540000 -0.381223 -7.792603
v -0.540000 -0.981223 -8.392603
v -0.540000 -0.381223 -8.392603
v 0.540000 -0.981223 -7.792603
v 0.540000 -0.381223 -7.792603
v 0.540000 -0.981223 -8.392603
v 0.540000 -0.381223 -8.392603
v -0.540000 5.386815 -7.792603
v -0.540000 5.386815 -8.392603
v 0.540000 5.386815 -7.792603
v 0.540000 5.386815 -8.392603
v -0.540000 5.956671 -7.792603
v -0.540000 5.956671 -8.392603
v 0.540000 5.956671 -7.792603
v 0.540000 5.956671 -8.392603
v -0.540000 5.386815 -12.280917
v 0.540000 5.386815 -12.280917
v -0.540000 5.956671 -12.280917
v 0.540000 5.956671 -12.280917
v -0.540000 5.386815 -12.855925
v 0.540000 5.386815 -12.855925
v -0.540000 5.956671 -12.855925
v 0.540000 5.956671 -12.855925
v -0.540000 -0.379531 -12.280917
v 0.540000 -0.379531 -12.280917
v -0.540000 -0.379531 -12.855925
v 0.540000 -0.379531 -12.855925
v -0.540000 -0.921301 -12.280917
v 0.540000 -0.921301 -12.280917
v -0.540000 -0.921301 -12.855925
v 0.540000 -0.921301 -12.855925
v -0.540000 -0.981223 -12.855628
v -0.540000 -0.381223 -12.855628
v 0.540000 -0.981223 -12.855628
v 0.540000 -0.381223 -12.855628
vt 0.375000 0.000000
vt 0.625000 0.000000
vt 0.625000 0.250000
vt 0.375000 0.250000
vt 0.625000 0.500000
vt 0.375000 0.500000
vt 0.375000 0.500000
vt 0.625000 0.500000
vt 0.625000 0.750000
vt 0.375000 0.750000
vt 0.625000 1.000000
vt 0.375000 1.000000
vt 0.125000 0.500000
vt 0.125000 0.750000
vt 0.625000 0.500000
vt 0.625000 0.750000
vt 0.625000 0.250000
vt 0.625000 0.000000
vt 0.625000 0.000000
vt 0.625000 0.250000
vt 0.625000 1.000000
vt 0.625000 0.500000
vt 0.875000 0.500000
vt 0.875000 0.750000
vt 0.625000 0.750000
vt 0.625000 1.000000
vt 0.625000 0.500000
vt 0.875000 0.500000
vt 0.625000 0.250000
vt 0.625000 0.250000
vt 0.625000 0.250000
vt 0.625000 0.250000
vt 0.625000 0.500000
vt 0.625000 0.500000
vt 0.625000 0.500000
vt 0.625000 0.250000
vt 0.625000 0.250000
vt 0.875000 0.500000
vt 0.625000 0.500000
vt 0.625000 0.500000
vt 0.625000 0.250000
vt 0.625000 0.500000
vt 0.625000 0.500000
vt 0.625000 0.250000
vt 0.375000 0.250000
vt 0.625000 0.250000
vt 0.125000 0.500000
vn -1.0000 0.0000 0.0000
vn 1.0000 0.0000 0.0000
vn 0.0000 0.0000 1.0000
vn 0.0000 -1.0000 0.0000
vn 0.0000 0.0000 -1.0000
vn 0.0000 1.0000 0.0000
usemtl None
s off
f 201/319/109 202/320/109 204/321/109 203/322/109
f 208/323/110 207/324/110 235/325/110 236/326/110
f 207/324/110 208/323/110 206/327/110 205/328/110
f 205/328/111 206/327/111 202/329/111 201/330/111
f 203/331/112 207/324/112 205/328/112 201/332/112
f 206/327/110 208/323/110 212/333/110 211/334/110
f 210/335/109 209/336/109 213/337/109 214/338/109
f 204/321/109 202/320/109 209/336/109 210/335/109
f 202/329/111 206/327/111 211/334/111 209/339/111
f 208/323/113 204/321/113 210/335/113 212/333/113
f 216/340/114 214/341/114 213/342/114 215/343/114
f 209/339/111 211/334/111 215/343/111 213/344/111
f 214/341/114 216/340/114 220/345/114 219/346/114
f 211/334/110 212/333/110 216/340/110 215/343/110
f 217/347/109 219/348/109 223/349/109 221/350/109
f 212/333/112 210/335/112 217/347/112 218/351/112
f 216/340/110 212/333/110 218/351/110 220/345/110
f 210/335/109 214/338/109 219/348/109 217/347/109
f 222/352/113 221/350/113 223/349/113 224/353/113
f 217/347/109 221/350/109 227/354/109 225/355/109
f 220/345/110 218/351/110 222/352/110 224/353/110
f 219/346/114 220/345/114 224/353/114 223/356/114
f 227/354/113 228/357/113 232/358/113 231/359/113
f 218/351/111 217/347/111 225/355/111 226/360/111
f 222/352/110 218/351/110 226/360/110 228/357/110
f 221/350/113 222/352/113 228/357/113 227/354/113
f 230/361/112 229/362/112 231/359/112 232/358/112
f 225/355/109 227/354/109 231/359/109 229/362/109
f 226/360/111 225/355/111 229/362/111 230/361/111
f 228/357/110 226/360/110 230/361/110 232/358/110
f 233/363/113 234/364/113 236/326/113 235/325/113
f 207/324/112 203/331/112 233/365/112 235/325/112
f 204/321/114 208/323/114 236/326/114 234/364/114
f 203/322/109 204/321/109 234/364/109 233/363/109
o Cube.025
v 0.507844 2.760709 -12.274437
v 0.336619 2.444036 -12.274437
v 0.507844 2.760709 -8.394438
v 0.336619 2.444036 -8.394438
v -0.336619 3.217308 -12.274437
v -0.507844 2.900635 -12.274437
v -0.336619 3.217308 -8.394438
v -0.507844 2.900635 -8.394438
vt 0.625000 0.500000
vt 0.875000 0.500000
vt 0.875000 0.750000
vt 0.625000 0.750000
vt 0.375000 0.750000
vt 0.625000 1.000000
vt 0.375000 1.000000
vt 0.375000 0.000000
vt 0.625000 0.000000
vt 0.625000 0.250000
vt 0.375000 0.250000
vt 0.125000 0.500000
vt 0.375000 0.500000
vt 0.125000 0.750000
vn 0.4756 0.8796 0.0000
vn 0.0000 0.0000 1.0000
vn -0.8796 0.4756 0.0000
vn -0.4756 -0.8796 0.0000
vn 0.8796 -0.4756 0.0000
vn 0.0000 0.0000 -1.0000
usemtl Material.023
s off
f 237/366/115 241/367/115 243/368/115 239/369/115
f 240/370/116 239/369/116 243/371/116 244/372/116
f 244/373/117 243/374/117 241/375/117 242/376/117
f 242/377/118 238/378/118 240/370/118 244/379/118
f 238/378/119 237/366/119 239/369/119 240/370/119
f 242/376/120 241/375/120 237/366/120 238/378/120
o Cube.024
v 0.507844 3.449761 -12.274437
v 0.336619 3.133087 -12.274437
v 0.507844 3.449761 -8.394438
v 0.336619 3.133087 -8.394438
v -0.336619 3.906360 -12.274437
v -0.507844 3.589687 -12.274437
v -0.336619 3.906360 -8.394438
v -0.507844 3.589687 -8.394438
vt 0.625000 0.500000
vt 0.875000 0.500000
vt 0.875000 0.750000
vt 0.625000 0.750000
vt 0.375000 0.750000
vt 0.625000 1.000000
vt 0.375000 1.000000
vt 0.375000 0.000000
vt 0.625000 0.000000
vt 0.625000 0.250000
vt 0.375000 0.250000
vt 0.125000 0.500000
vt 0.375000 0.500000
vt 0.125000 0.750000
vn 0.4756 0.8796 0.0000
vn 0.0000 0.0000 1.0000
vn -0.8796 0.4756 0.0000
vn -0.4756 -0.8796 0.0000
vn 0.8796 -0.4756 0.0000
vn 0.0000 0.0000 -1.0000
usemtl Material.022
s off
f 245/380/121 249/381/121 251/382/121 247/383/121
f 248/384/122 247/383/122 251/385/122 252/386/122
f 252/387/123 251/388/123 249/389/123 250/390/123
f 250/391/124 246/392/124 248/384/124 252/393/124
f 246/392/125 245/380/125 247/383/125 248/384/125
f 250/390/126 249/389/126 245/380/126 246/392/126
o Cube.023
v 0.507844 4.915462 -12.274437
v 0.336619 4.598789 -12.274437
v 0.507844 4.915462 -8.394438
v 0.336619 4.598789 -8.394438
v -0.336619 5.372061 -12.274437
v -0.507844 5.055388 -12.274437
v -0.336619 5.372061 -8.394438
v -0.507844 5.055388 -8.394438
vt 0.625000 0.500000
vt 0.875000 0.500000
vt 0.875000 0.750000
vt 0.625000 0.750000
vt 0.375000 0.750000
vt 0.625000 1.000000
vt 0.375000 1.000000
vt 0.375000 0.000000
vt 0.625000 0.000000
vt 0.625000 0.250000
vt 0.375000 0.250000
vt 0.125000 0.500000
vt 0.375000 0.500000
vt 0.125000 0.750000
vn 0.4756 0.8796 0.0000
vn 0.0000 0.0000 1.0000
vn -0.8796 0.4756 0.0000
vn -0.4756 -0.8796 0.0000
vn 0.8796 -0.4756 0.0000
vn 0.0000 0.0000 -1.0000
usemtl Material.021
s off
f 253/394/127 257/395/127 259/396/127 255/397/127
f 256/398/128 255/397/128 259/399/128 260/400/128
f 260/401/129 259/402/129 257/403/129 258/404/129
f 258/405/130 254/406/130 256/398/130 260/407/130
f 254/406/131 253/394/131 255/397/131 256/398/131
f 258/404/132 257/403/132 253/394/132 254/406/132
o Cube.022
v 0.507844 4.226410 -12.274437
v 0.336619 3.909737 -12.274437
v 0.507844 4.226410 -8.394438
v 0.336619 3.909737 -8.394438
v -0.336619 4.683010 -12.274437
v -0.507844 4.366336 -12.274437
v -0.336619 4.683010 -8.394438
v -0.507844 4.366336 -8.394438
vt 0.625000 0.500000
vt 0.875000 0.500000
vt 0.875000 0.750000
vt 0.625000 0.750000
vt 0.375000 0.750000
vt 0.625000 1.000000
vt 0.375000 1.000000
vt 0.375000 0.000000
vt 0.625000 0.000000
vt 0.625000 0.250000
vt 0.375000 0.250000
vt 0.125000 0.500000
vt 0.375000 0.500000
vt 0.125000 0.750000
vn 0.4756 0.8796 0.0000
vn 0.0000 0.0000 1.0000
vn -0.8796 0.4756 0.0000
vn -0.4756 -0.8796 0.0000
vn 0.8796 -0.4756 0.0000
vn 0.0000 0.0000 -1.0000
usemtl Material.020
s off
f 261/408/133 265/409/133 267/410/133 263/411/133
f 264/412/134 263/411/134 267/413/134 268/414/134
f 268/415/135 267/416/135 265/417/135 266/418/135
f 266/419/136 262/420/136 264/412/136 268/421/136
f 262/420/137 261/408/137 263/411/137 264/412/137
f 266/418/138 265/417/138 261/408/138 262/420/138
o Cube.021
v 0.507844 1.395739 -12.274437
v 0.336619 1.079065 -12.274437
v 0.507844 1.395739 -8.394438
v 0.336619 1.079065 -8.394438
v -0.336619 1.852338 -12.274437
v -0.507844 1.535664 -12.274437
v -0.336619 1.852338 -8.394438
v -0.507844 1.535664 -8.394438
vt 0.625000 0.500000
vt 0.875000 0.500000
vt 0.875000 0.750000
vt 0.625000 0.750000
vt 0.375000 0.750000
vt 0.625000 1.000000
vt 0.375000 1.000000
vt 0.375000 0.000000
vt 0.625000 0.000000
vt 0.625000 0.250000
vt 0.375000 0.250000
vt 0.125000 0.500000
vt 0.375000 0.500000
vt 0.125000 0.750000
vn 0.4756 0.8796 0.0000
vn 0.0000 0.0000 1.0000
vn -0.8796 0.4756 0.0000
vn -0.4756 -0.8796 0.0000
vn 0.8796 -0.4756 0.0000
vn 0.0000 0.0000 -1.0000
usemtl Material.019
s off
f 269/422/139 273/423/139 275/424/139 271/425/139
f 272/426/140 271/425/140 275/427/140 276/428/140
f 276/429/141 275/430/141 273/431/141 274/432/141
f 274/433/142 270/434/142 272/426/142 276/435/142
f 270/434/143 269/422/143 271/425/143 272/426/143
f 274/432/144 273/431/144 269/422/144 270/434/144
o Cube.020
v 0.507844 2.084790 -12.274437
v 0.336619 1.768117 -12.274437
v 0.507844 2.084790 -8.394438
v 0.336619 1.768117 -8.394438
v -0.336619 2.541389 -12.274437
v -0.507844 2.224716 -12.274437
v -0.336619 2.541389 -8.394438
v -0.507844 2.224716 -8.394438
vt 0.625000 0.500000
vt 0.875000 0.500000
vt 0.875000 0.750000
vt 0.625000 0.750000
vt 0.375000 0.750000
vt 0.625000 1.000000
vt 0.375000 1.000000
vt 0.375000 0.000000
vt 0.625000 0.000000
vt 0.625000 0.250000
vt 0.375000 0.250000
vt 0.125000 0.500000
vt 0.375000 0.500000
vt 0.125000 0.750000
vn 0.4756 0.8796 0.0000
vn 0.0000 0.0000 1.0000
vn -0.8796 0.4756 0.0000
vn -0.4756 -0.8796 0.0000
vn 0.8796 -0.4756 0.0000
vn -0.0000 0.0000 -1.0000
usemtl Material.018
s off
f 277/436/145 281/437/145 283/438/145 279/439/145
f 280/440/146 279/439/146 283/441/146 284/442/146
f 284/443/147 283/444/147 281/445/147 282/446/147
f 282/447/148 278/448/148 280/440/148 284/449/148
f 278/448/149 277/436/149 279/439/149 280/440/149
f 282/446/150 281/445/150 277/436/150 278/448/150
o Cube.019
v 0.507844 0.619089 -12.274437
v 0.336619 0.302415 -12.274437
v 0.507844 0.619089 -8.394438
v 0.336619 0.302415 -8.394438
v -0.336619 1.075688 -12.274437
v -0.507844 0.759015 -12.274437
v -0.336619 1.075688 -8.394438
v -0.507844 0.759015 -8.394438
vt 0.625000 0.500000
vt 0.875000 0.500000
vt 0.875000 0.750000
vt 0.625000 0.750000
vt 0.375000 0.750000
vt 0.625000 1.000000
vt 0.375000 1.000000
vt 0.375000 0.000000
vt 0.625000 0.000000
vt 0.625000 0.250000
vt 0.375000 0.250000
vt 0.125000 0.500000
vt 0.375000 0.500000
vt 0.125000 0.750000
vn 0.4756 0.8796 0.0000
vn 0.0000 0.0000 1.0000
vn -0.8796 0.4756 0.0000
vn -0.4756 -0.8796 0.0000
vn 0.8796 -0.4756 0.0000
vn 0.0000 0.0000 -1.0000
usemtl Material.017
s off
f 285/450/151 289/451/151 291/452/151 287/453/151
f 288/454/152 287/453/152 291/455/152 292/456/152
f 292/457/153 291/458/153 289/459/153 290/460/153
f 290/461/154 286/462/154 288/454/154 292/463/154
f 286/462/155 285/450/155 287/453/155 288/454/155
f 290/460/156 289/459/156 285/450/156 286/462/156
o Cube.018
v 0.507844 -0.069963 -12.274437
v 0.336619 -0.386636 -12.274437
v 0.507844 -0.069963 -8.394438
v 0.336619 -0.386636 -8.394438
v -0.336619 0.386636 -12.274437
v -0.507844 0.069963 -12.274437
v -0.336619 0.386636 -8.394438
v -0.507844 0.069963 -8.394438
vt 0.625000 0.500000
vt 0.875000 0.500000
vt 0.875000 0.750000
vt 0.625000 0.750000
vt 0.375000 0.750000
vt 0.625000 1.000000
vt 0.375000 1.000000
vt 0.375000 0.000000
vt 0.625000 0.000000
vt 0.625000 0.250000
vt 0.375000 0.250000
vt 0.125000 0.500000
vt 0.375000 0.500000
vt 0.125000 0.750000
vn 0.4756 0.8796 0.0000
vn 0.0000 0.0000 1.0000
vn -0.8796 0.4756 0.0000
vn -0.4756 -0.8796 0.0000
vn 0.8796 -0.4756 0.0000
vn 0.0000 0.0000 -1.0000
usemtl Material.016
s off
f 293/464/157 297/465/157 299/466/157 295/467/157
f 296/468/158 295/467/158 299/469/158 300/470/158
f 300/471/159 299/472/159 297/473/159 298/474/159
f 298/475/160 294/476/160 296/468/160 300/477/160
f 294/476/161 293/464/161 295/467/161 296/468/161
f 298/474/162 297/473/162 293/464/162 294/476/162
o Cube.030
v 0.507844 -0.069963 -17.507673
v 0.336619 -0.386636 -17.507673
v 0.507844 -0.069963 -13.627673
v 0.336619 -0.386636 -13.627673
v -0.336619 0.386636 -17.507673
v -0.507844 0.069963 -17.507673
v -0.336619 0.386636 -13.627673
v -0.507844 0.069963 -13.627673
vt 0.625000 0.500000
vt 0.875000 0.500000
vt 0.875000 0.750000
vt 0.625000 0.750000
vt 0.375000 0.750000
vt 0.625000 1.000000
vt 0.375000 1.000000
vt 0.375000 0.000000
vt 0.625000 0.000000
vt 0.625000 0.250000
vt 0.375000 0.250000
vt 0.125000 0.500000
vt 0.375000 0.500000
vt 0.125000 0.750000
vn 0.4756 0.8796 0.0000
vn 0.0000 0.0000 1.0000
vn -0.8796 0.4756 0.0000
vn -0.4756 -0.8796 0.0000
vn 0.8796 -0.4756 0.0000
vn 0.0000 0.0000 -1.0000
usemtl Material.027
s off
f 301/478/163 305/479/163 307/480/163 303/481/163
f 304/482/164 303/481/164 307/483/164 308/484/164
f 308/485/165 307/486/165 305/487/165 306/488/165
f 306/489/166 302/490/166 304/482/166 308/491/166
f 302/490/167 301/478/167 303/481/167 304/482/167
f 306/488/168 305/487/168 301/478/168 302/490/168
o Cube.029
v 0.507844 0.619089 -17.507673
v 0.336619 0.302415 -17.507673
v 0.507844 0.619089 -13.627673
v 0.336619 0.302415 -13.627673
v -0.336619 1.075688 -17.507673
v -0.507844 0.759015 -17.507673
v -0.336619 1.075688 -13.627673
v -0.507844 0.759015 -13.627673
vt 0.625000 0.500000
vt 0.875000 0.500000
vt 0.875000 0.750000
vt 0.625000 0.750000
vt 0.375000 0.750000
vt 0.625000 1.000000
vt 0.375000 1.000000
vt 0.375000 0.000000
vt 0.625000 0.000000
vt 0.625000 0.250000
vt 0.375000 0.250000
vt 0.125000 0.500000
vt 0.375000 0.500000
vt 0.125000 0.750000
vn 0.4756 0.8796 0.0000
vn 0.0000 0.0000 1.0000
vn -0.8796 0.4756 0.0000
vn -0.4756 -0.8796 0.0000
vn 0.8796 -0.4756 0.0000
vn 0.0000 0.0000 -1.0000
usemtl Material.026
s off
f 309/492/169 313/493/169 315/494/169 311/495/169
f 312/496/170 311/495/170 315/497/170 316/498/170
f 316/499/171 315/500/171 313/501/171 314/502/171
f 314/503/172 310/504/172 312/496/172 316/505/172
f 310/504/173 309/492/173 311/495/173 312/496/173
f 314/502/174 313/501/174 309/492/174 310/504/174
o Cube.028
v 0.507844 2.084790 -17.507673
v 0.336619 1.768117 -17.507673
v 0.507844 2.084790 -13.627673
v 0.336619 1.768117 -13.627673
v -0.336619 2.541389 -17.507673
v -0.507844 2.224716 -17.507673
v -0.336619 2.541389 -13.627673
v -0.507844 2.224716 -13.627673
vt 0.625000 0.500000
vt 0.875000 0.500000
vt 0.875000 0.750000
vt 0.625000 0.750000
vt 0.375000 0.750000
vt 0.625000 1.000000
vt 0.375000 1.000000
vt 0.375000 0.000000
vt 0.625000 0.000000
vt 0.625000 0.250000
vt 0.375000 0.250000
vt 0.125000 0.500000
vt 0.375000 0.500000
vt 0.125000 0.750000
vn 0.4756 0.8796 0.0000
vn 0.0000 0.0000 1.0000
vn -0.8796 0.4756 0.0000
vn -0.4756 -0.8796 0.0000
vn 0.8796 -0.4756 0.0000
vn -0.0000 0.0000 -1.0000
usemtl Material.025
s off
f 317/506/175 321/507/175 323/508/175 319/509/175
f 320/510/176 319/509/176 323/511/176 324/512/176
f 324/513/177 323/514/177 321/515/177 322/516/177
f 322/517/178 318/518/178 320/510/178 324/519/178
f 318/518/179 317/506/179 319/509/179 320/510/179
f 322/516/180 321/515/180 317/506/180 318/518/180
o Cube.027
v 0.507844 1.395739 -17.507673
v 0.336619 1.079065 -17.507673
v 0.507844 1.395739 -13.627673
v 0.336619 1.079065 -13.627673
v -0.336619 1.852338 -17.507673
v -0.507844 1.535664 -17.507673
v -0.336619 1.852338 -13.627673
v -0.507844 1.535664 -13.627673
vt 0.625000 0.500000
vt 0.875000 0.500000
vt 0.875000 0.750000
vt 0.625000 0.750000
vt 0.375000 0.750000
vt 0.625000 1.000000
vt 0.375000 1.000000
vt 0.375000 0.000000
vt 0.625000 0.000000
vt 0.625000 0.250000
vt 0.375000 0.250000
vt 0.125000 0.500000
vt 0.375000 0.500000
vt 0.125000 0.750000
vn 0.4756 0.8796 0.0000
vn 0.0000 0.0000 1.0000
vn -0.8796 0.4756 0.0000
vn -0.4756 -0.8796 0.0000
vn 0.8796 -0.4756 0.0000
vn 0.0000 0.0000 -1.0000
usemtl Material.024
s off
f 325/520/181 329/521/181 331/522/181 327/523/181
f 328/524/182 327/523/182 331/525/182 332/526/182
f 332/527/183 331/528/183 329/529/183 330/530/183
f 330/531/184 326/532/184 328/524/184 332/533/184
f 326/532/185 325/520/185 327/523/185 328/524/185
f 330/530/186 329/529/186 325/520/186 326/532/186
o Cube.031_Cube.032
v 0.507844 2.760709 -17.486736
v 0.336619 2.444036 -17.486736
v 0.507844 2.760709 -13.606737
v 0.336619 2.444036 -13.606737
v -0.336619 3.217308 -17.486736
v -0.507844 2.900635 -17.486736
v -0.336619 3.217308 -13.606737
v -0.507844 2.900635 -13.606737
vt 0.625000 0.500000
vt 0.875000 0.500000
vt 0.875000 0.750000
